Cross-Validation Accuracy (5-fold): 0.9326 ą 0.0089
Per-fold scores: [0.9317 0.9452 0.926  0.9397 0.9205]

              precision    recall  f1-score   support

           0       0.75      0.75      0.75         8
           1       0.92      0.92      0.92        13
           2       1.00      0.91      0.95        11
           3       1.00      1.00      1.00        14
           4       0.93      1.00      0.97        14
           5       0.93      0.93      0.93        14
           6       0.75      0.82      0.78        11
           7       1.00      1.00      1.00        13
           8       1.00      1.00      1.00        13
           9       1.00      1.00      1.00        14
           a       1.00      0.60      0.75         5
           b       1.00      1.00      1.00        13
           c       0.67      0.89      0.76         9
           d       1.00      1.00      1.00        14
           e       1.00      1.00      1.00         6
           f       1.00      1.00      1.00        14
           g       1.00      0.83      0.91        12
           h       1.00      1.00      1.00        11
           i       1.00      1.00      1.00        11
           j       0.83      1.00      0.91         5
           k       1.00      1.00      1.00        14
           l       1.00      1.00      1.00        14
           m       0.67      1.00      0.80         2
           n       1.00      1.00      1.00         3
           o       1.00      0.71      0.83         7
           p       1.00      1.00      1.00        12
           q       1.00      0.75      0.86         4
           r       1.00      0.82      0.90        11
           s       0.60      1.00      0.75         3
           t       1.00      0.33      0.50         3
           u       0.87      1.00      0.93        13
           v       0.92      0.92      0.92        12
           w       0.80      0.73      0.76        11
           x       1.00      1.00      1.00        10
           y       0.83      1.00      0.91        10
           z       0.92      0.92      0.92        12

    accuracy                           0.93       366
   macro avg       0.93      0.91      0.91       366
weighted avg       0.94      0.93      0.93       366
